8<i>K*Ak
2jxj8oSFLPEfrP4q8yVn6h0vf
[z<b0zA8>w
2jxj8oSFLPEfrP4q8yVn6h0vf
p <-8>
2jxj8oSFLPEfrP4q8yVn6h0vf
0<- g->|M&
2jxj8oSFLPEfrP4q8yVn6h0vf
$R  <r,>
2jxj8oSFLPEfrP4q8yVn6h0vf
z7  <q>
2jxj8oSFLPEfrP4q8yVn6h0vf
4xfa<q5>V
2jxj8oSFLPEfrP4q8yVn6h0vf
D3G<->
2jxj8oSFLPEfrP4q8yVn6h0vf
bS <->
2jxj8oSFLPEfrP4q8yVn6h0vf
D3 <M>\a
2jxj8oSFLPEfrP4q8yVn6h0vf
ymt^vyRk1<_r>
2jxj8oSFLPEfrP4q8yVn6h0vf
_C<2>
2jxj8oSFLPEfrP4q8yVn6h0vf
_A<-6>
2jxj8oSFLPEfrP4q8yVn6h0vf
dCN8< 888>
2jxj8oSFLPEfrP4q8yVn6h0vf
79	< >St]
2jxj8oSFLPEfrP4q8yVn6h0vf
2 <->=
2jxj8oSFLPEfrP4q8yVn6h0vf
lx5   <98>
2jxj8oSFLPEfrP4q8yVn6h0vf
.!|A8 <Q>
2jxj8oSFLPEfrP4q8yVn6h0vf
1mN8	<nn>r
2jxj8oSFLPEfrP4q8yVn6h0vf
A:+Zz7	<a>9
2jxj8oSFLPEfrP4q8yVn6h0vf
A5_<4>
2jxj8oSFLPEfrP4q8yVn6h0vf
L<_>_jhg
2jxj8oSFLPEfrP4q8yVn6h0vf
	a<Z8>B
2jxj8oSFLPEfrP4q8yVn6h0vf
xo8i
<8>\0`C
2jxj8oSFLPEfrP4q8yVn6h0vf
93<r>\e
2jxj8oSFLPEfrP4q8yVn6h0vf
vs<y>B
2jxj8oSFLPEfrP4q8yVn6h0vf
4o0<8>p
2jxj8oSFLPEfrP4q8yVn6h0vf
3< 9z>_
2jxj8oSFLPEfrP4q8yVn6h0vf
8<8-e>
2jxj8oSFLPEfrP4q8yVn6h0vf
K<9>S
2jxj8oSFLPEfrP4q8yVn6h0vf
o3Y< >
2jxj8oSFLPEfrP4q8yVn6h0vf
35 < ->4t
2jxj8oSFLPEfrP4q8yVn6h0vf
SG5
<->![z#A
2jxj8oSFLPEfrP4q8yVn6h0vf
M8
<82>\e
2jxj8oSFLPEfrP4q8yVn6h0vf
9   < >K
2jxj8oSFLPEfrP4q8yVn6h0vf
\w8_<m>|
2jxj8oSFLPEfrP4q8yVn6h0vf
9<,,>
2jxj8oSFLPEfrP4q8yVn6h0vf
KdykzE<4>
2jxj8oSFLPEfrP4q8yVn6h0vf
b4  <L>A
2jxj8oSFLPEfrP4q8yVn6h0vf
M8<8z,,dud>s
2jxj8oSFLPEfrP4q8yVn6h0vf
5<,>m
2jxj8oSFLPEfrP4q8yVn6h0vf
S6	 <,R >4
2jxj8oSFLPEfrP4q8yVn6h0vf
0<->
2jxj8oSFLPEfrP4q8yVn6h0vf
h32	<A9_s6>
2jxj8oSFLPEfrP4q8yVn6h0vf
9< p>
2jxj8oSFLPEfrP4q8yVn6h0vf
-Ub_s9
<,8>
2jxj8oSFLPEfrP4q8yVn6h0vf
r9t88lV <n7>
2jxj8oSFLPEfrP4q8yVn6h0vf
3< 9dpFJ>
2jxj8oSFLPEfrP4q8yVn6h0vf
BgNFmH1<4>
2jxj8oSFLPEfrP4q8yVn6h0vf
r|I4		<-9 >
2jxj8oSFLPEfrP4q8yVn6h0vf
9 <d1>
2jxj8oSFLPEfrP4q8yVn6h0vf
r<->
2jxj8oSFLPEfrP4q8yVn6h0vf
h<9>
2jxj8oSFLPEfrP4q8yVn6h0vf
J
V3  <E>I
2jxj8oSFLPEfrP4q8yVn6h0vf
9<7>T
2jxj8oSFLPEfrP4q8yVn6h0vf
59  <9>9
2jxj8oSFLPEfrP4q8yVn6h0vf
Y<D8>tr
2jxj8oSFLPEfrP4q8yVn6h0vf
4 <L>
2jxj8oSFLPEfrP4q8yVn6h0vf
g 
< ,U>
2jxj8oSFLPEfrP4q8yVn6h0vf
218g <Ba>
2jxj8oSFLPEfrP4q8yVn6h0vf
S_q\"R9< >y
2jxj8oSFLPEfrP4q8yVn6h0vf
A< >
2jxj8oSFLPEfrP4q8yVn6h0vf
7 
 <9>
2jxj8oSFLPEfrP4q8yVn6h0vf
AB9 <7>?
2jxj8oSFLPEfrP4q8yVn6h0vf
 78 <zX >
2jxj8oSFLPEfrP4q8yVn6h0vf
xz <V5>
2jxj8oSFLPEfrP4q8yVn6h0vf
89 <9->R
2jxj8oSFLPEfrP4q8yVn6h0vf
553A4_ <o2>
2jxj8oSFLPEfrP4q8yVn6h0vf
xsROz< >E
2jxj8oSFLPEfrP4q8yVn6h0vf
8 <-9oN>
2jxj8oSFLPEfrP4q8yVn6h0vf
>_<->
2jxj8oSFLPEfrP4q8yVn6h0vf
|
@9<zq>\e
2jxj8oSFLPEfrP4q8yVn6h0vf
0N<,>m;{
2jxj8oSFLPEfrP4q8yVn6h0vf
2K <sn d Z>
2jxj8oSFLPEfrP4q8yVn6h0vf
M44  	<l>m0
2jxj8oSFLPEfrP4q8yVn6h0vf
CKq	<P>\)[
2jxj8oSFLPEfrP4q8yVn6h0vf
L	 <- a>2
2jxj8oSFLPEfrP4q8yVn6h0vf
Xg7<y>
2jxj8oSFLPEfrP4q8yVn6h0vf
3< >
2jxj8oSFLPEfrP4q8yVn6h0vf
{KgD0w<5>
2jxj8oSFLPEfrP4q8yVn6h0vf
5<v,A>_
2jxj8oSFLPEfrP4q8yVn6h0vf
xx     <3>8
2jxj8oSFLPEfrP4q8yVn6h0vf
9 < Gz>'\"x8
2jxj8oSFLPEfrP4q8yVn6h0vf
ez<QP02>
2jxj8oSFLPEfrP4q8yVn6h0vf
1 <6_->uT
2jxj8oSFLPEfrP4q8yVn6h0vf
wl8<ZS>
2jxj8oSFLPEfrP4q8yVn6h0vf
p8	<M>
2jxj8oSFLPEfrP4q8yVn6h0vf
x<H>h
2jxj8oSFLPEfrP4q8yVn6h0vf
m5 	< 2>RL
2jxj8oSFLPEfrP4q8yVn6h0vf
f;15<S8 6N>
2jxj8oSFLPEfrP4q8yVn6h0vf
892AcR31W<u->
2jxj8oSFLPEfrP4q8yVn6h0vf
7<d->,
2jxj8oSFLPEfrP4q8yVn6h0vf
Q  <e>
2jxj8oSFLPEfrP4q8yVn6h0vf
IKr<9 >;5
2jxj8oSFLPEfrP4q8yVn6h0vf
PE
	 <99Z>
2jxj8oSFLPEfrP4q8yVn6h0vf
X5<Z>
2jxj8oSFLPEfrP4q8yVn6h0vf
Z7<ty>	
2jxj8oSFLPEfrP4q8yVn6h0vf
v <,,>
2jxj8oSFLPEfrP4q8yVn6h0vf
M\eR}5_k9<L>
2jxj8oSFLPEfrP4q8yVn6h0vf
8I<_>
2jxj8oSFLPEfrP4q8yVn6h0vf
9  < >
2jxj8oSFLPEfrP4q8yVn6h0vf
/8lZ9a< >Ap
2jxj8oSFLPEfrP4q8yVn6h0vf
3Mm<-0>'{
2jxj8oSFLPEfrP4q8yVn6h0vf
Zv<D8>tTD
2jxj8oSFLPEfrP4q8yVn6h0vf
IZ9< 7>
2jxj8oSFLPEfrP4q8yVn6h0vf
@0x4<-w9 >|
C
2jxj8oSFLPEfrP4q8yVn6h0vf
VD<4>;
2jxj8oSFLPEfrP4q8yVn6h0vf
x4z31<3>
2jxj8oSFLPEfrP4q8yVn6h0vf
82<R>c
2jxj8oSFLPEfrP4q8yVn6h0vf
cbJ9<9>	
2jxj8oSFLPEfrP4q8yVn6h0vf
ko<A>
2jxj8oSFLPEfrP4q8yVn6h0vf
*6	<V>
2jxj8oSFLPEfrP4q8yVn6h0vf
_a<->!2h
2jxj8oSFLPEfrP4q8yVn6h0vf
sa<z >
2jxj8oSFLPEfrP4q8yVn6h0vf
d89<z >oz*
2jxj8oSFLPEfrP4q8yVn6h0vf
%A[\;W <5>
2
2jxj8oSFLPEfrP4q8yVn6h0vf
3049L5M	 <8Y >
2jxj8oSFLPEfrP4q8yVn6h0vf
Cm<3M>
2jxj8oSFLPEfrP4q8yVn6h0vf
9_  <9>
2jxj8oSFLPEfrP4q8yVn6h0vf
4 <Kc>
2jxj8oSFLPEfrP4q8yVn6h0vf
W7<v>E
2jxj8oSFLPEfrP4q8yVn6h0vf
$@E95824<Q>
2jxj8oSFLPEfrP4q8yVn6h0vf
a<Z,1>
2jxj8oSFLPEfrP4q8yVn6h0vf
z<9>
2jxj8oSFLPEfrP4q8yVn6h0vf
l <, Ms>
2jxj8oSFLPEfrP4q8yVn6h0vf
4o[918<7 >M\e\)
2jxj8oSFLPEfrP4q8yVn6h0vf
9z	<y6>Rk
2jxj8oSFLPEfrP4q8yVn6h0vf
_<b>
2jxj8oSFLPEfrP4q8yVn6h0vf
9   <y,>{pV
2jxj8oSFLPEfrP4q8yVn6h0vf
1
	<,z_>kO
2jxj8oSFLPEfrP4q8yVn6h0vf
8	  	
<9  >TF
2jxj8oSFLPEfrP4q8yVn6h0vf
]3t27
	<87>x
2jxj8oSFLPEfrP4q8yVn6h0vf
d<  >
2jxj8oSFLPEfrP4q8yVn6h0vf
iaR809<xYZQ-YJg>vw
2jxj8oSFLPEfrP4q8yVn6h0vf
L `8k
 <1>V7
2jxj8oSFLPEfrP4q8yVn6h0vf
O<,>j
2jxj8oSFLPEfrP4q8yVn6h0vf
3Vn  <a>
2jxj8oSFLPEfrP4q8yVn6h0vf
7n6 <Qs>:
2jxj8oSFLPEfrP4q8yVn6h0vf
SA <c>2/B
2jxj8oSFLPEfrP4q8yVn6h0vf
}6w7M3<z>
2jxj8oSFLPEfrP4q8yVn6h0vf
e_Qz93c88<-- >#
2jxj8oSFLPEfrP4q8yVn6h0vf
R8<->l
2jxj8oSFLPEfrP4q8yVn6h0vf
gP6Fy<z>
2jxj8oSFLPEfrP4q8yVn6h0vf
I:m   <3k><
2jxj8oSFLPEfrP4q8yVn6h0vf
t z<p- >
2jxj8oSFLPEfrP4q8yVn6h0vf
4<8>
2jxj8oSFLPEfrP4q8yVn6h0vf
5< a>
2jxj8oSFLPEfrP4q8yVn6h0vf
!62Z<8AA>9$
2jxj8oSFLPEfrP4q8yVn6h0vf
y<0>
2jxj8oSFLPEfrP4q8yVn6h0vf
5X < 789y>
2jxj8oSFLPEfrP4q8yVn6h0vf
OB <i,E2>Y*
2jxj8oSFLPEfrP4q8yVn6h0vf
JL<v>
2jxj8oSFLPEfrP4q8yVn6h0vf
sc<H>
2jxj8oSFLPEfrP4q8yVn6h0vf
]RPb	   <z>*4
2jxj8oSFLPEfrP4q8yVn6h0vf
Tz 	
 <-,>t!
2jxj8oSFLPEfrP4q8yVn6h0vf
A1	<98AR>nJT
2jxj8oSFLPEfrP4q8yVn6h0vf
JG  <H>~?
2jxj8oSFLPEfrP4q8yVn6h0vf
t2 <8>
2jxj8oSFLPEfrP4q8yVn6h0vf
8<-k>
2jxj8oSFLPEfrP4q8yVn6h0vf
b<T>
2jxj8oSFLPEfrP4q8yVn6h0vf
j<E_>
2jxj8oSFLPEfrP4q8yVn6h0vf
u 	<V>t
2jxj8oSFLPEfrP4q8yVn6h0vf
3<O>
2jxj8oSFLPEfrP4q8yVn6h0vf
89M8<9>u3
2jxj8oSFLPEfrP4q8yVn6h0vf
68E< >
2jxj8oSFLPEfrP4q8yVn6h0vf
634 <l0g-5>
2jxj8oSFLPEfrP4q8yVn6h0vf
76v<4UTJ 9>~E
2jxj8oSFLPEfrP4q8yVn6h0vf
>xZ7	<d,0>
2jxj8oSFLPEfrP4q8yVn6h0vf
	m<Kn19>W
2jxj8oSFLPEfrP4q8yVn6h0vf
5v<03>
2jxj8oSFLPEfrP4q8yVn6h0vf
9<,>
2jxj8oSFLPEfrP4q8yVn6h0vf
i  <8>
2jxj8oSFLPEfrP4q8yVn6h0vf
`I
	<0>
2jxj8oSFLPEfrP4q8yVn6h0vf
899 <s>
2jxj8oSFLPEfrP4q8yVn6h0vf
c<_>
2jxj8oSFLPEfrP4q8yVn6h0vf
:v  <_y>
2jxj8oSFLPEfrP4q8yVn6h0vf
EP9f<7,>
2jxj8oSFLPEfrP4q8yVn6h0vf
GR	+998Q<j >
2jxj8oSFLPEfrP4q8yVn6h0vf
59 <z>@
2jxj8oSFLPEfrP4q8yVn6h0vf
v<8>
2jxj8oSFLPEfrP4q8yVn6h0vf
ZJ7	<Z>
2jxj8oSFLPEfrP4q8yVn6h0vf
;g8<9> K
2jxj8oSFLPEfrP4q8yVn6h0vf
33z85K<y 8>1
2jxj8oSFLPEfrP4q8yVn6h0vf
X_< >
2jxj8oSFLPEfrP4q8yVn6h0vf
O9 <998>Z
2jxj8oSFLPEfrP4q8yVn6h0vf
nSSz <4>
2jxj8oSFLPEfrP4q8yVn6h0vf
398<kP->:
2jxj8oSFLPEfrP4q8yVn6h0vf
8F  <n>
2jxj8oSFLPEfrP4q8yVn6h0vf
sR<->
2jxj8oSFLPEfrP4q8yVn6h0vf
V<F>r
2jxj8oSFLPEfrP4q8yVn6h0vf
9	 <F,>*R
2jxj8oSFLPEfrP4q8yVn6h0vf
P8<-M>
2jxj8oSFLPEfrP4q8yVn6h0vf
4XZ  <3z>G
2jxj8oSFLPEfrP4q8yVn6h0vf
x
 
<y7>a
2jxj8oSFLPEfrP4q8yVn6h0vf
Ior<8,_FD>
2jxj8oSFLPEfrP4q8yVn6h0vf
r2l<L>
2jxj8oSFLPEfrP4q8yVn6h0vf
RN82Z <98>8R
2jxj8oSFLPEfrP4q8yVn6h0vf
