&
2jxj8oSFLPEfrP4q8yVn6h0vf
EU6; >]p
2jxj8oSFLPEfrP4q8yVn6h0vf
<
2jxj8oSFLPEfrP4q8yVn6h0vf
&
2jxj8oSFLPEfrP4q8yVn6h0vf
g>
2jxj8oSFLPEfrP4q8yVn6h0vf
<uY
2jxj8oSFLPEfrP4q8yVn6h0vf
>4?
2jxj8oSFLPEfrP4q8yVn6h0vf
\"
2jxj8oSFLPEfrP4q8yVn6h0vf
xnR\"!@Vx#
2jxj8oSFLPEfrP4q8yVn6h0vf
k>;	
2jxj8oSFLPEfrP4q8yVn6h0vf
\"`p9Rt{
2jxj8oSFLPEfrP4q8yVn6h0vf
'kx|s\"bFP
2jxj8oSFLPEfrP4q8yVn6h0vf
v\"
2jxj8oSFLPEfrP4q8yVn6h0vf
==dfG:\".h
2jxj8oSFLPEfrP4q8yVn6h0vf
\"
2jxj8oSFLPEfrP4q8yVn6h0vf
<p?x]8
2jxj8oSFLPEfrP4q8yVn6h0vf
>1
2jxj8oSFLPEfrP4q8yVn6h0vf
f\"AVS
2jxj8oSFLPEfrP4q8yVn6h0vf
&@<
2jxj8oSFLPEfrP4q8yVn6h0vf
>4/
2jxj8oSFLPEfrP4q8yVn6h0vf
\"
2jxj8oSFLPEfrP4q8yVn6h0vf
L
>7
2jxj8oSFLPEfrP4q8yVn6h0vf
HC>O
2jxj8oSFLPEfrP4q8yVn6h0vf
(4&
2jxj8oSFLPEfrP4q8yVn6h0vf
:<
2jxj8oSFLPEfrP4q8yVn6h0vf
8-b\"
2jxj8oSFLPEfrP4q8yVn6h0vf
&&
2jxj8oSFLPEfrP4q8yVn6h0vf
\<e
2jxj8oSFLPEfrP4q8yVn6h0vf
&z
2jxj8oSFLPEfrP4q8yVn6h0vf
>;L
2jxj8oSFLPEfrP4q8yVn6h0vf
\"

2jxj8oSFLPEfrP4q8yVn6h0vf
U\"@
2jxj8oSFLPEfrP4q8yVn6h0vf
	>9
2jxj8oSFLPEfrP4q8yVn6h0vf
&
2jxj8oSFLPEfrP4q8yVn6h0vf
A&
2jxj8oSFLPEfrP4q8yVn6h0vf
\"z
2jxj8oSFLPEfrP4q8yVn6h0vf
&
2jxj8oSFLPEfrP4q8yVn6h0vf
KC\"
2jxj8oSFLPEfrP4q8yVn6h0vf
E\"
2jxj8oSFLPEfrP4q8yVn6h0vf
>
2jxj8oSFLPEfrP4q8yVn6h0vf
>
n
2jxj8oSFLPEfrP4q8yVn6h0vf
4&
2jxj8oSFLPEfrP4q8yVn6h0vf
>qXm
2jxj8oSFLPEfrP4q8yVn6h0vf

>\"
2jxj8oSFLPEfrP4q8yVn6h0vf
MYc1&
2jxj8oSFLPEfrP4q8yVn6h0vf
<{
2jxj8oSFLPEfrP4q8yVn6h0vf
>h
2jxj8oSFLPEfrP4q8yVn6h0vf
&}{<
2jxj8oSFLPEfrP4q8yVn6h0vf
B<
2jxj8oSFLPEfrP4q8yVn6h0vf
w<
2jxj8oSFLPEfrP4q8yVn6h0vf
j>3e*+1
2jxj8oSFLPEfrP4q8yVn6h0vf
&T
2jxj8oSFLPEfrP4q8yVn6h0vf
\"|
2jxj8oSFLPEfrP4q8yVn6h0vf
\"
xO
2jxj8oSFLPEfrP4q8yVn6h0vf
I\"&yb
2jxj8oSFLPEfrP4q8yVn6h0vf
2>
2jxj8oSFLPEfrP4q8yVn6h0vf
:#&
2jxj8oSFLPEfrP4q8yVn6h0vf
h&W
2jxj8oSFLPEfrP4q8yVn6h0vf
O<
2jxj8oSFLPEfrP4q8yVn6h0vf
fl~\"<*
2jxj8oSFLPEfrP4q8yVn6h0vf
&S[P
2jxj8oSFLPEfrP4q8yVn6h0vf
W/&KI/2
2jxj8oSFLPEfrP4q8yVn6h0vf
n<`G&v
2jxj8oSFLPEfrP4q8yVn6h0vf
&8
2jxj8oSFLPEfrP4q8yVn6h0vf
R\"D
2jxj8oSFLPEfrP4q8yVn6h0vf
&
2jxj8oSFLPEfrP4q8yVn6h0vf
>RVB
2jxj8oSFLPEfrP4q8yVn6h0vf
p&
2jxj8oSFLPEfrP4q8yVn6h0vf
>R
2jxj8oSFLPEfrP4q8yVn6h0vf
fI&0]
2jxj8oSFLPEfrP4q8yVn6h0vf
>P
2jxj8oSFLPEfrP4q8yVn6h0vf
C&
2jxj8oSFLPEfrP4q8yVn6h0vf
&
2jxj8oSFLPEfrP4q8yVn6h0vf
PU<-
2jxj8oSFLPEfrP4q8yVn6h0vf
<GzGU
2jxj8oSFLPEfrP4q8yVn6h0vf
5umz\"
2jxj8oSFLPEfrP4q8yVn6h0vf
6&M
2jxj8oSFLPEfrP4q8yVn6h0vf
&m^
2jxj8oSFLPEfrP4q8yVn6h0vf
8i&:K
2jxj8oSFLPEfrP4q8yVn6h0vf
UrO<5
2jxj8oSFLPEfrP4q8yVn6h0vf
#\"
2jxj8oSFLPEfrP4q8yVn6h0vf
d\"&
2jxj8oSFLPEfrP4q8yVn6h0vf
&o_
2jxj8oSFLPEfrP4q8yVn6h0vf
<
2jxj8oSFLPEfrP4q8yVn6h0vf
ju=1\"s
2jxj8oSFLPEfrP4q8yVn6h0vf
<	]

2jxj8oSFLPEfrP4q8yVn6h0vf
<8
2jxj8oSFLPEfrP4q8yVn6h0vf
x#>
2jxj8oSFLPEfrP4q8yVn6h0vf
&#T
2jxj8oSFLPEfrP4q8yVn6h0vf
u>
2jxj8oSFLPEfrP4q8yVn6h0vf
J>

2jxj8oSFLPEfrP4q8yVn6h0vf
};?\"
2jxj8oSFLPEfrP4q8yVn6h0vf
3s&^
2jxj8oSFLPEfrP4q8yVn6h0vf
%}y,s<ht
2jxj8oSFLPEfrP4q8yVn6h0vf
H+^Mu\"@
2jxj8oSFLPEfrP4q8yVn6h0vf
6o&
2jxj8oSFLPEfrP4q8yVn6h0vf
>lm
2jxj8oSFLPEfrP4q8yVn6h0vf
&g
2jxj8oSFLPEfrP4q8yVn6h0vf
|&
2jxj8oSFLPEfrP4q8yVn6h0vf
\3z>
2jxj8oSFLPEfrP4q8yVn6h0vf
h~-U&
2jxj8oSFLPEfrP4q8yVn6h0vf
<q
2jxj8oSFLPEfrP4q8yVn6h0vf
\"a7
2jxj8oSFLPEfrP4q8yVn6h0vf
\"u
2jxj8oSFLPEfrP4q8yVn6h0vf
tO6r&n
2jxj8oSFLPEfrP4q8yVn6h0vf
o\"
2jxj8oSFLPEfrP4q8yVn6h0vf
)W>
2jxj8oSFLPEfrP4q8yVn6h0vf
	L>
2jxj8oSFLPEfrP4q8yVn6h0vf
&|aV&
2jxj8oSFLPEfrP4q8yVn6h0vf
~K>
2jxj8oSFLPEfrP4q8yVn6h0vf
u&
2jxj8oSFLPEfrP4q8yVn6h0vf
\"Q
2jxj8oSFLPEfrP4q8yVn6h0vf
<
2jxj8oSFLPEfrP4q8yVn6h0vf
<V
2jxj8oSFLPEfrP4q8yVn6h0vf
\"k
2jxj8oSFLPEfrP4q8yVn6h0vf
<<
2jxj8oSFLPEfrP4q8yVn6h0vf
S&
2jxj8oSFLPEfrP4q8yVn6h0vf
U&`u
2jxj8oSFLPEfrP4q8yVn6h0vf
{>
2jxj8oSFLPEfrP4q8yVn6h0vf
<}z$M
2jxj8oSFLPEfrP4q8yVn6h0vf
R>
2jxj8oSFLPEfrP4q8yVn6h0vf
>=V
2jxj8oSFLPEfrP4q8yVn6h0vf
ys&r[
2jxj8oSFLPEfrP4q8yVn6h0vf
>>2a/
2jxj8oSFLPEfrP4q8yVn6h0vf
}<
2jxj8oSFLPEfrP4q8yVn6h0vf
mW-<?v-3M
2jxj8oSFLPEfrP4q8yVn6h0vf
@&
2jxj8oSFLPEfrP4q8yVn6h0vf
\"B
2jxj8oSFLPEfrP4q8yVn6h0vf
1jN
<J3
2jxj8oSFLPEfrP4q8yVn6h0vf
>lx1[
2jxj8oSFLPEfrP4q8yVn6h0vf
\"(L
2jxj8oSFLPEfrP4q8yVn6h0vf
I@&
2jxj8oSFLPEfrP4q8yVn6h0vf
>'
2jxj8oSFLPEfrP4q8yVn6h0vf
@<hb\"
2jxj8oSFLPEfrP4q8yVn6h0vf
>l
2jxj8oSFLPEfrP4q8yVn6h0vf
	g\"c
2jxj8oSFLPEfrP4q8yVn6h0vf
>Z
2jxj8oSFLPEfrP4q8yVn6h0vf
3>8
2jxj8oSFLPEfrP4q8yVn6h0vf
\"e2
2jxj8oSFLPEfrP4q8yVn6h0vf
<v
2jxj8oSFLPEfrP4q8yVn6h0vf
>>v`
2jxj8oSFLPEfrP4q8yVn6h0vf
<`!
2jxj8oSFLPEfrP4q8yVn6h0vf
K<\e
2jxj8oSFLPEfrP4q8yVn6h0vf
d>
2jxj8oSFLPEfrP4q8yVn6h0vf
\"
2jxj8oSFLPEfrP4q8yVn6h0vf
V&
2jxj8oSFLPEfrP4q8yVn6h0vf
vP&\0
2jxj8oSFLPEfrP4q8yVn6h0vf
G<
2jxj8oSFLPEfrP4q8yVn6h0vf
z<
2jxj8oSFLPEfrP4q8yVn6h0vf
\">7
2jxj8oSFLPEfrP4q8yVn6h0vf
\e;<
2jxj8oSFLPEfrP4q8yVn6h0vf
\0>
2jxj8oSFLPEfrP4q8yVn6h0vf
w\"'
2jxj8oSFLPEfrP4q8yVn6h0vf
	C7>
2jxj8oSFLPEfrP4q8yVn6h0vf
2<n
2jxj8oSFLPEfrP4q8yVn6h0vf
	 T\"
2jxj8oSFLPEfrP4q8yVn6h0vf
>
2jxj8oSFLPEfrP4q8yVn6h0vf
c&Au
2jxj8oSFLPEfrP4q8yVn6h0vf
<0
2jxj8oSFLPEfrP4q8yVn6h0vf
U\"
2jxj8oSFLPEfrP4q8yVn6h0vf
<e'
2jxj8oSFLPEfrP4q8yVn6h0vf
)\"
2jxj8oSFLPEfrP4q8yVn6h0vf
>\
2jxj8oSFLPEfrP4q8yVn6h0vf
&a
2jxj8oSFLPEfrP4q8yVn6h0vf
|{\"$
2jxj8oSFLPEfrP4q8yVn6h0vf
&<
2jxj8oSFLPEfrP4q8yVn6h0vf
J\"
2jxj8oSFLPEfrP4q8yVn6h0vf
>UI>
2jxj8oSFLPEfrP4q8yVn6h0vf
T\"e\
2jxj8oSFLPEfrP4q8yVn6h0vf
i=<\
2jxj8oSFLPEfrP4q8yVn6h0vf
&\0n
2jxj8oSFLPEfrP4q8yVn6h0vf
>^
2jxj8oSFLPEfrP4q8yVn6h0vf
<P
2jxj8oSFLPEfrP4q8yVn6h0vf
\"s
2jxj8oSFLPEfrP4q8yVn6h0vf
ZWf?>
2jxj8oSFLPEfrP4q8yVn6h0vf
d<
2jxj8oSFLPEfrP4q8yVn6h0vf
d&2kC
2jxj8oSFLPEfrP4q8yVn6h0vf
e<
2jxj8oSFLPEfrP4q8yVn6h0vf
c<
2jxj8oSFLPEfrP4q8yVn6h0vf
&f
2jxj8oSFLPEfrP4q8yVn6h0vf
\e&
2jxj8oSFLPEfrP4q8yVn6h0vf
W\"b:<
2jxj8oSFLPEfrP4q8yVn6h0vf
\"X
2jxj8oSFLPEfrP4q8yVn6h0vf
WX>H4
2jxj8oSFLPEfrP4q8yVn6h0vf
<5&
2jxj8oSFLPEfrP4q8yVn6h0vf
<2
2jxj8oSFLPEfrP4q8yVn6h0vf
G>
2jxj8oSFLPEfrP4q8yVn6h0vf
N&8!
2jxj8oSFLPEfrP4q8yVn6h0vf
< 
2jxj8oSFLPEfrP4q8yVn6h0vf
>\0W
2jxj8oSFLPEfrP4q8yVn6h0vf
S<
2jxj8oSFLPEfrP4q8yVn6h0vf
&
2jxj8oSFLPEfrP4q8yVn6h0vf
j;\"zL
2jxj8oSFLPEfrP4q8yVn6h0vf
+&m
2jxj8oSFLPEfrP4q8yVn6h0vf
>=
2jxj8oSFLPEfrP4q8yVn6h0vf
t&
2jxj8oSFLPEfrP4q8yVn6h0vf
\0pU<
2jxj8oSFLPEfrP4q8yVn6h0vf
\">%
2jxj8oSFLPEfrP4q8yVn6h0vf
T<
2jxj8oSFLPEfrP4q8yVn6h0vf
>nY
2jxj8oSFLPEfrP4q8yVn6h0vf
0<s4
2jxj8oSFLPEfrP4q8yVn6h0vf
DK\"D
2jxj8oSFLPEfrP4q8yVn6h0vf
2\e>
2jxj8oSFLPEfrP4q8yVn6h0vf
>[
2jxj8oSFLPEfrP4q8yVn6h0vf
+~B>
2jxj8oSFLPEfrP4q8yVn6h0vf
Z>^
2jxj8oSFLPEfrP4q8yVn6h0vf
>0e
2jxj8oSFLPEfrP4q8yVn6h0vf
a&
2jxj8oSFLPEfrP4q8yVn6h0vf
&;
2jxj8oSFLPEfrP4q8yVn6h0vf
m@&\0
2jxj8oSFLPEfrP4q8yVn6h0vf
\"+l
2jxj8oSFLPEfrP4q8yVn6h0vf
&QG
2jxj8oSFLPEfrP4q8yVn6h0vf
r\a1\"}&
2jxj8oSFLPEfrP4q8yVn6h0vf
]\"
2jxj8oSFLPEfrP4q8yVn6h0vf
\"k
2jxj8oSFLPEfrP4q8yVn6h0vf
<4Bc\"
2jxj8oSFLPEfrP4q8yVn6h0vf
>
2jxj8oSFLPEfrP4q8yVn6h0vf
<j
2jxj8oSFLPEfrP4q8yVn6h0vf
<
2jxj8oSFLPEfrP4q8yVn6h0vf
<
2jxj8oSFLPEfrP4q8yVn6h0vf
<
2jxj8oSFLPEfrP4q8yVn6h0vf
3T\"1
2jxj8oSFLPEfrP4q8yVn6h0vf
;&
2jxj8oSFLPEfrP4q8yVn6h0vf
Cv<b
2jxj8oSFLPEfrP4q8yVn6h0vf
;@j>k
2jxj8oSFLPEfrP4q8yVn6h0vf
<Ko
2jxj8oSFLPEfrP4q8yVn6h0vf
\e<z
2jxj8oSFLPEfrP4q8yVn6h0vf
\"$}Y
2jxj8oSFLPEfrP4q8yVn6h0vf
&H]
2jxj8oSFLPEfrP4q8yVn6h0vf
>A
2jxj8oSFLPEfrP4q8yVn6h0vf
&)
2jxj8oSFLPEfrP4q8yVn6h0vf
sN>
2jxj8oSFLPEfrP4q8yVn6h0vf
V\"
2jxj8oSFLPEfrP4q8yVn6h0vf
!AW\"
2jxj8oSFLPEfrP4q8yVn6h0vf
&
2jxj8oSFLPEfrP4q8yVn6h0vf
>y
2jxj8oSFLPEfrP4q8yVn6h0vf
 &
2jxj8oSFLPEfrP4q8yVn6h0vf
Y6K&
2jxj8oSFLPEfrP4q8yVn6h0vf
\"D<
2jxj8oSFLPEfrP4q8yVn6h0vf
%_>
2jxj8oSFLPEfrP4q8yVn6h0vf
\aj<
2jxj8oSFLPEfrP4q8yVn6h0vf
><xA
2jxj8oSFLPEfrP4q8yVn6h0vf
+>
2jxj8oSFLPEfrP4q8yVn6h0vf
@\"
2jxj8oSFLPEfrP4q8yVn6h0vf
@>
2jxj8oSFLPEfrP4q8yVn6h0vf
&t
2jxj8oSFLPEfrP4q8yVn6h0vf
-&
2jxj8oSFLPEfrP4q8yVn6h0vf
<p
2jxj8oSFLPEfrP4q8yVn6h0vf
.z\"
2jxj8oSFLPEfrP4q8yVn6h0vf
&mSs
2jxj8oSFLPEfrP4q8yVn6h0vf
\"|6
2jxj8oSFLPEfrP4q8yVn6h0vf
e\"
2jxj8oSFLPEfrP4q8yVn6h0vf
r>&
2jxj8oSFLPEfrP4q8yVn6h0vf
7,O9\0)>
2jxj8oSFLPEfrP4q8yVn6h0vf
P	<
2jxj8oSFLPEfrP4q8yVn6h0vf
^&
2jxj8oSFLPEfrP4q8yVn6h0vf
\a<2@%
2jxj8oSFLPEfrP4q8yVn6h0vf
Vp[=\0-\"
